100
74
1 34
1 35
2 33
2 36
2 37
2 39
3 32
3 37
3 38
3 40
4 32
4 33
4 39
5 33
5 38
6 31
6 34
6 35
6 36
6 37
7 34
7 35
7 36
7 40
8 26
8 29
8 33
8 34
8 35
8 39
8 40
9 22
9 23
9 24
9 26
9 27
9 28
9 29
9 30
9 31
9 32
9 38
9 39
9 40
9 41
10 13
10 14
10 15
10 21
10 25
10 27
10 37
10 38
11 13
11 14
11 16
11 17
11 19
11 22
11 23
11 36
11 37
11 38
11 41
11 42
12 13
12 14
12 16
12 18
12 19
12 21
12 24
12 25
12 37
12 38
12 41
12 42
13 13
13 14
13 16
13 17
13 18
13 26
13 27
13 31
13 32
13 38
13 40
14 14
14 17
14 19
14 21
14 31
14 32
15 15
15 16
15 21
15 28
15 29
15 31
16 16
16 29
16 30
17 9
17 17
17 18
17 19
17 29
18 8
18 10
18 40
18 41
19 8
19 10
19 27
19 39
19 42
20 9
20 26
20 28
20 39
20 43
21 26
21 40
21 46
21 47
22 27
22 29
22 41
22 43
22 44
22 48
23 12
23 14
23 21
23 22
23 28
23 29
23 43
23 47
24 12
24 13
24 20
24 22
24 27
24 28
24 29
24 44
24 45
25 12
25 13
25 20
25 21
25 22
25 26
25 27
25 28
26 24
26 25
26 26
26 28
26 29
26 42
26 43
26 44
27 23
27 28
27 44
27 49
28 17
28 18
28 19
28 23
28 24
28 26
28 27
28 49
29 33
29 49
30 21
30 32
30 33
31 10
31 11
31 12
31 21
31 33
31 44
31 53
31 55
32 13
32 21
32 43
32 44
32 53
32 54
32 66
33 8
33 14
33 44
33 52
33 55
33 66
34 8
34 15
34 17
34 18
34 19
34 52
35 8
35 14
35 43
35 52
36 13
36 44
36 45
36 51
36 52
36 56
37 10
37 11
37 12
37 51
37 55
38 53
38 54
39 38
39 39
39 41
39 45
39 59
39 64
39 65
40 38
40 44
40 58
40 59
40 63
40 64
40 66
41 27
41 28
41 29
41 36
41 39
41 43
41 57
41 58
41 59
41 63
41 66
42 22
42 35
42 37
42 41
42 58
42 59
42 63
42 64
42 66
43 22
43 23
43 26
43 29
43 64
43 65
44 23
44 24
44 26
44 27
44 28
44 34
44 38
44 54
45 24
45 26
45 54
45 56
45 57
45 58
46 19
46 20
46 21
46 25
46 54
46 59
47 20
47 30
47 31
47 35
47 36
47 37
47 59
48 21
48 25
48 26
48 27
48 29
48 31
48 46
48 47
48 59
49 25
49 29
49 31
49 46
49 47
49 55
49 58
50 29
50 30
50 56
52 10
52 11
53 9
53 10
53 12
53 15
53 29
53 30
53 58
54 10
54 11
54 12
54 15
54 28
54 31
54 43
54 45
54 57
54 58
54 59
54 60
55 11
55 27
55 31
55 41
55 42
55 43
55 45
55 56
55 61
56 12
56 25
56 28
56 29
56 31
56 32
56 43
56 44
56 55
56 57
56 58
56 59
56 60
56 61
57 23
57 24
57 25
57 26
57 27
57 28
57 29
57 30
57 31
57 32
57 39
57 48
57 54
57 55
57 57
57 58
58 12
58 13
58 14
58 22
58 23
58 24
58 25
58 29
58 30
58 39
58 47
58 49
58 55
58 57
58 58
59 17
59 21
59 22
59 27
59 30
59 47
59 49
59 57
60 17
60 22
60 23
60 27
60 48
61 2
61 6
61 7
61 8
61 17
61 23
61 24
61 27
61 29
61 30
62 8
62 23
62 24
62 29
62 38
62 39
63 6
63 7
63 8
63 13
63 14
63 15
63 30
63 37
63 41
64 5
64 6
64 18
64 22
64 29
64 31
64 38
64 41
64 49
64 50
65 4
65 5
65 6
65 16
65 17
65 19
65 22
65 27
65 28
65 31
65 34
65 35
65 40
65 41
65 48
65 51
66 3
66 5
66 16
66 17
66 19
66 22
66 34
66 35
66 36
66 49
66 51
67 4
67 20
67 27
67 28
67 30
67 31
67 33
67 35
67 45
67 46
67 50
68 31
68 33
68 34
68 44
68 47
69 29
69 45
69 46
70 10
70 11
70 12
70 29
70 70
70 71
71 9
71 13
71 33
71 61
71 62
71 63
71 70
71 71
72 9
72 33
72 60
72 61
72 62
72 63
73 14
73 60
74 8
74 9
74 38
75 9
75 36
75 37
75 39
75 40
75 66
75 67
76 9
76 12
76 13
76 66
76 67
76 68
77 9
77 13
77 35
77 41
78 9
78 13
78 63
78 64
79 9
79 13
79 35
79 36
79 38
79 40
79 41
79 63
79 64
80 9
80 46
80 47
80 48
80 64
81 14
82 10
82 11
82 12
82 13
82 33
83 33
83 38
84 33
84 38
85 38
85 47
85 48
85 49
87 57
88 56
88 58
89 59
90 57
90 60
91 57
91 60
92 58
92 60
93 59
94 55
95 54
95 56
96 54
96 56
97 55
