40
70
10 1
10 2
10 19
11 1
11 2
11 13
11 18
11 21
12 11
12 12
12 14
12 15
12 18
12 21
12 30
13 19
13 21
13 30
14 15
14 30
15 10
16 9
16 10
16 14
17 9
17 13
17 22
17 23
17 24
18 9
18 10
18 13
19 11
19 12
19 30
19 31
20 11
20 12
20 14
20 30
20 32
21 11
21 12
21 13
21 22
21 23
21 31
22 22
22 23
22 26
23 27
24 9
24 26
24 27
25 8
25 10
26 8
26 10
27 9
28 20
28 41
29 19
29 20
29 21
29 42
30 38
30 42
31 20
31 21
31 25
31 26
31 38
31 41
32 21
32 24
32 25
32 26
33 25
33 26
33 35
34 33
34 34
34 35
34 36
34 37
34 38
35 32
35 33
35 34
35 36
35 37
35 38
35 39
36 32
36 33
36 34
36 36
36 39
37 35
37 37
38 36
